* HW6_F22 data
* The data is stored as data1,data2,time_stamp
3.22036041397496,0.8590859829136275,1.0
2.326659327609746,1.3798191638511863,1.019019019019019
1.9031186146600545,-0.08215983468845096,1.038038038038038
2.1528967320665258,1.1482744074587314,1.057057057057057
1.000046691802034,-0.4983688522019195,1.0760760760760761
2.5732312362374796,0.1193384544521025,1.095095095095095
4.050372016207855,-1.446392818867002,1.1141141141141142
2.3391658462001916,0.9078292708851329,1.1331331331331331
3.7351147490086922,-0.3071848038649963,1.1521521521521523
2.1348635801827087,0.7807545752247935,1.1711711711711712
2.1273645383443953,-0.889195214304998,1.1901901901901901
3.355018056648831,2.3040010127857324,1.2092092092092093
4.215676544994727,0.7232054621757763,1.2282282282282282
2.7267870447316676,1.7109253496215622,1.2472472472472473
3.2850374046682482,1.5554370969392213,1.2662662662662663
2.957958849131641,0.7823905282627771,1.2852852852852852
3.013380977754,-0.1132959464126275,1.3043043043043043
2.6585740077836784,-1.0665217815082055,1.3233233233233235
2.6256246091533972,0.2795691431079149,1.3423423423423424
1.4157610442328208,-0.5643823451559109,1.3613613613613613
2.505212856466426,0.6694991908572875,1.3803803803803805
2.353388492060405,0.26110368347013135,1.3993993993993994
4.866138460565111,-0.6305934565618171,1.4184184184184185
2.5057603341778405,0.1578958018926052,1.4374374374374375
1.8383376392086594,-0.41684784001956826,1.4564564564564564
3.2821930138355393,1.767199431196589,1.4754754754754755
3.5874133778263295,0.4996427047106392,1.4944944944944947
3.0734378604566737,0.37340146079941267,1.5135135135135136
2.906714599059606,0.8909245124077538,1.5325325325325325
3.2923157558147405,2.0928131457248957,1.5515515515515514
1.0349689797671286,-0.5923336615185544,1.5705705705705706
2.3784294019207466,0.5813125401931951,1.5895895895895897
2.08283710590023,1.7620519457490254,1.6086086086086087
2.806203905041526,-1.7103191219965732,1.6276276276276276
4.4044688447832,1.510570206178192,1.6466466466466467
3.1989094374149323,1.892394696237046,1.6656656656656659
2.9713185839887912,0.6137542480080465,1.6846846846846848
3.4233361506879767,0.8126129076352314,1.7037037037037037
3.601057922050255,0.10249489379333905,1.7227227227227226
2.0143942801517523,1.233835152919289,1.7417417417417418
3.4545669727985318,-0.5227280117224526,1.760760760760761
4.4231772960851865,0.14809221420424154,1.7797797797797799
2.0089394928045583,0.30212660093432175,1.7987987987987988
4.8384805860735485,-0.20251183178050708,1.817817817817818
3.6077764623070356,0.44222087683930966,1.8368368368368369
2.393462826464666,-0.5877832322508371,1.855855855855856
4.396313449688871,-2.757558101586429,1.874874874874875
1.8049050818846926,-1.8603623693239761,1.8938938938938938
4.3070856420917245,1.37824873927158,1.912912912912913
2.849719953051218,-1.216325749677129,1.9319319319319321
2.3015420521701278,0.5826949205969373,1.950950950950951
4.110535429400658,0.27574768339348277,1.96996996996997
4.266460756880267,1.9368953384992666,1.9889889889889891
5.553292478766396,-1.0251219030877028,2.008008008008008
2.615820071450699,-0.6393334071962138,2.027027027027027
1.4859048016525518,1.1262957951726076,2.046046046046046
2.564993437611403,0.4007727872413454,2.065065065065065
2.865016126371273,-1.6923338422272063,2.0840840840840844
3.94519206596258,-1.3991880205020357,2.103103103103103
3.3538797081549276,-0.6928123960686948,2.1221221221221223
1.7998796201125038,-1.115383138317839,2.141141141141141
3.6121340433358005,-0.28181601197240236,2.16016016016016
4.5184474285512035,-0.06232409927247093,2.1791791791791795
4.370908082723082,-1.316090096679932,2.1981981981981984
1.58704938575112,0.11976689925014729,2.2172172172172173
2.5049970014652736,-1.5366263295647646,2.2362362362362362
4.214565823011947,0.44725317952232246,2.255255255255255
1.88394136743663,0.9349652279278893,2.2742742742742745
1.4624636594758493,0.9637571380459313,2.2932932932932935
3.4574593654022445,-0.03744420288651268,2.3123123123123124
2.6239727324937276,0.38284145222611443,2.3313313313313317
1.1499806304888947,1.3779050320867867,2.3503503503503502
3.9099959426950908,-0.5799908088990686,2.3693693693693696
2.567545301938567,1.0685818187326914,2.3883883883883885
1.2465359228762254,0.32897269373620136,2.4074074074074074
3.8206784478425493,-1.05626056253882,2.426426426426427
4.127699820811822,-0.0793139898263081,2.4454454454454453
2.3753344764619135,1.3579476667492163,2.4644644644644647
3.5195220976265174,-0.15619890335665143,2.4834834834834836
1.8084862845336764,-0.28063807786950445,2.5025025025025025
5.280406245714048,-0.2755175480370711,2.521521521521522
1.4554959042846867,1.011718799179498,2.5405405405405403
2.6265756220412912,-0.7259116622862591,2.5595595595595597
4.3572618098022335,-0.30826712461991546,2.5785785785785786
4.104151810192967,-0.34161253476630715,2.5975975975975976
2.9605714833877532,-0.14638291292296468,2.616616616616617
1.0608640470123392,-0.9309074908967774,2.635635635635636
2.9230934005896856,2.045372519282475,2.6546546546546548
2.277858631285318,0.6654762885602435,2.6736736736736737
4.140472916677641,-0.18379686978218618,2.6926926926926926
4.5996194627283655,3.473522736392227,2.711711711711712
2.915789732697911,1.2706212095427176,2.730730730730731
2.7842407844796377,1.245643879629226,2.74974974974975
3.326802632268116,0.93127249251471,2.768768768768769
3.73262570808742,-0.6500581999595445,2.7877877877877877
4.540915110422453,1.6641660345024922,2.806806806806807
2.8073489654528165,-0.5495051029947114,2.825825825825826
2.972491556515082,-0.6943341928860283,2.844844844844845
2.2962563711241755,-0.5339755837630753,2.8638638638638643
4.26997303488628,-0.1240063125755631,2.8828828828828827
4.177233103012391,1.046475663480051,2.901901901901902
3.8954980583203094,0.13441925462933157,2.920920920920921
2.953292546592434,-1.0789527959136491,2.93993993993994
5.42834560894399,2.0893234498535596,2.9589589589589593
1.514393893438946,-0.606550044640014,2.9779779779779783
1.809020636277238,-0.21746247801498025,2.996996996996997
3.774047877164076,0.8322545614014712,3.016016016016016
2.95181396517497,1.6690133480413218,3.035035035035035
2.655214592255804,0.35010409458050473,3.0540540540540544
3.5832092248699974,0.24148103531877152,3.0730730730730733
3.4925260221750545,0.9807994300153413,3.0920920920920922
4.414366117191929,-0.38378955225468464,3.111111111111111
2.197787007753915,-0.2112969219324493,3.13013013013013
3.6913159969566127,-0.757134087427474,3.1491491491491495
4.418014558915051,-0.41892403678325035,3.1681681681681684
3.9172539813789164,2.014674581876764,3.1871871871871873
3.60417012646473,-0.010445021337339211,3.206206206206206
2.266267045534759,-0.25911680437501367,3.2252252252252256
2.984505249471405,0.9047158788009524,3.2442442442442445
5.684291646437517,1.3952264544855373,3.2632632632632634
5.384387305195382,0.7809965783045852,3.2822822822822824
2.1831369055346252,-0.015563563117936885,3.3013013013013013
3.4409555049583287,0.5817813535205263,3.3203203203203207
5.0894449530884,2.2095568886781463,3.3393393393393396
3.756328178226041,0.17890217637835787,3.3583583583583585
2.6827430513181763,-0.056294239218279696,3.3773773773773774
1.4730422513927142,1.090027698295931,3.396396396396397
2.564460788981405,0.8133648668642357,3.4154154154154157
2.0381042662063127,-1.2400729692709636,3.4344344344344346
2.3536571343458856,-0.505598572488794,3.4534534534534536
2.077374848434401,0.19367032450488858,3.4724724724724725
3.212872262698181,-0.1381843367073624,3.491491491491492
3.937786125297226,2.2775488412808853,3.5105105105105108
4.351467969381019,0.7547825348783652,3.5295295295295297
3.089978691814748,0.6927895005618598,3.5485485485485486
3.259171575031259,-0.29203624076265855,3.567567567567568
3.837968149684255,1.131494535155187,3.586586586586587
2.6628434975551265,1.633106892937707,3.605605605605606
4.05090633353784,1.4799484659943474,3.6246246246246248
2.4788696205559697,-0.25523921003956185,3.6436436436436437
3.0261421358569995,0.3540688415583453,3.662662662662663
3.952122742749593,-0.8199637415855789,3.681681681681682
2.6096819691842628,0.1620829300787039,3.700700700700701
4.179659978977883,1.3120299986788568,3.71971971971972
2.9088275089038897,0.8946946414629449,3.738738738738739
3.9805997370757353,2.2333999682705072,3.757757757757758
3.0108987334086503,2.704561240761418,3.776776776776777
2.6128420693032224,0.14452726670940674,3.795795795795796
3.4669448483114125,0.5754561026387899,3.814814814814815
4.539719357655038,-0.7584113276188151,3.8338338338338342
3.232702258021984,-1.0992946118090032,3.852852852852853
5.892443806647934,-0.2267085042824678,3.871871871871872
1.747210089927039,-0.4175073608306671,3.890890890890891
3.7259433238017072,0.22413785313132978,3.90990990990991
2.3813706348499,0.9244422553667974,3.9289289289289293
4.160408351265955,0.6554579237942585,3.9479479479479482
3.8754271926983597,0.4456998068800792,3.966966966966967
4.7576158659291305,1.0517802581932574,3.985985985985986
4.122838081327037,1.338487060696917,4.005005005005005
3.1863907941173935,0.2317878684854643,4.024024024024024
3.8756347735061656,0.9412131719430297,4.043043043043044
2.6006311940943347,-1.3042548196119026,4.062062062062062
5.846266779919542,2.056672051059185,4.081081081081081
5.127791882875677,1.716568163032139,4.1001001001001
4.141672810729243,0.9388823774565311,4.119119119119119
3.8620174907737668,0.9339349626218844,4.138138138138139
3.6254777898727895,1.101547938806304,4.157157157157157
4.714011532193023,-1.2681302511305845,4.176176176176177
4.196342463824634,1.5840817201221373,4.195195195195195
1.6145170934946886,1.238328150030472,4.2142142142142145
4.114740229509071,0.5664379504574522,4.233233233233234
3.5041451435437647,2.4452200882261383,4.252252252252252
4.564271298606091,0.1371837509272421,4.271271271271272
4.399835431082688,0.5172930629295667,4.29029029029029
4.581883627530146,-0.7621517543170664,4.3093093093093096
2.6600291748862266,0.04250960595816433,4.328328328328329
2.6629059580289494,-0.4663193612628569,4.347347347347347
2.436085735815599,-1.413754277740408,4.366366366366367
3.905671807521471,0.27019431287058393,4.385385385385385
3.149413487788186,-0.8070754172548351,4.404404404404405
5.053929381987776,0.7013267029947393,4.423423423423424
2.6327501238688065,0.5653021848819908,4.442442442442443
4.097486998136685,2.7491560373045827,4.461461461461462
3.6465256727440827,-0.9314867621524732,4.48048048048048
3.919909323698517,-0.33546315938663296,4.4994994994995
3.693795130138326,2.1413005556304974,4.518518518518519
3.2370353799163847,0.04797778522066931,4.537537537537538
4.25462133364738,1.5996066249555447,4.556556556556557
2.6602343562297532,0.443992730756715,4.575575575575575
5.724472361020339,1.9629153286277536,4.594594594594595
2.5990474372031915,0.6372026376042867,4.613613613613614
4.613092336207888,-0.754123102449689,4.6326326326326335
5.456334666100316,1.267705174871979,4.651651651651652
3.1717293417683012,2.0671270628044396,4.67067067067067
2.3923753956673073,0.2513907491287728,4.68968968968969
2.254441934101504,2.313738068128033,4.708708708708709
2.3720239225675206,1.3595416004273653,4.7277277277277285
2.158860198471831,0.9910123758427453,4.746746746746747
3.639932177294229,1.9256301894468775,4.7657657657657655
4.097073075966374,-0.56757077658545,4.784784784784785
5.318501559452142,0.8971461042557194,4.803803803803804
4.150087467241581,0.8184730995511271,4.822822822822824
2.6439935535417693,1.6124553394170813,4.841841841841842
4.113564895283148,2.4010086724566815,4.8608608608608606
3.38660221438134,0.7426299826363326,4.87987987987988
3.2008513121202897,1.3469929628919917,4.898898898898899
2.3459660495175987,0.9931994812932824,4.917917917917919
3.0648470760243307,1.4025114103212164,4.936936936936937
4.895139754169738,1.425842538734178,4.9559559559559565
1.964865232366575,0.24110429546533052,4.974974974974975
4.294964700802684,-0.8081074351996174,4.993993993993994
2.5529640616870806,1.8297625544803873,5.013013013013014
4.684153291512021,0.9997756581041828,5.032032032032032
2.467204389724069,1.7569468218959612,5.051051051051052
3.711869227848255,-0.4137902785246186,5.07007007007007
3.504084572866941,1.3185517981518162,5.089089089089089
4.762257607570364,-0.5170970017737739,5.108108108108109
3.4493464849019504,2.4681336095415105,5.127127127127127
4.161072067570865,-0.4386180753193154,5.146146146146147
4.30582582828978,2.8488296297025615,5.165165165165165
2.877237612051674,1.490516611111346,5.1841841841841845
3.229200008422911,1.0686726527213262,5.203203203203204
4.747066944766643,1.1748223729758627,5.222222222222222
3.0720096686174605,0.587871527044973,5.241241241241242
3.102753802449561,1.5117125840241628,5.26026026026026
3.1656431988150104,-0.1652449221841592,5.2792792792792795
4.0104258939912025,0.9764775252739817,5.298298298298299
5.281788106857516,0.5499695796510526,5.317317317317317
5.744659996837825,-1.6809818346429801,5.336336336336337
4.1244402939262095,0.4856525193916913,5.355355355355356
3.2950612461567554,1.5739611051839708,5.374374374374375
4.0151759117853585,2.6309716467338387,5.393393393393394
3.949068837715984,0.3278604896795818,5.412412412412412
3.8223998039309235,0.7745947880821048,5.431431431431432
2.7207474908077462,1.5725334476952795,5.450450450450451
4.4939500385367825,1.6107844881973015,5.46946946946947
5.531944425870626,1.8696044835033732,5.488488488488489
4.441281555051031,0.5444257341116203,5.5075075075075075
3.3231679915495405,1.7614593398256826,5.526526526526527
3.596888244520238,2.026968264626099,5.545545545545546
5.092043021274157,3.5522596595485174,5.564564564564565
2.3089888829530167,1.341625242745054,5.583583583583584
2.640096224219308,0.9418282151526187,5.602602602602603
4.179686105789798,2.628498208715055,5.621621621621622
3.112188822328619,0.4501618751323401,5.640640640640641
4.543805791562246,1.1310660798866583,5.65965965965966
4.203506016438671,0.024869316450196965,5.678678678678679
4.001027935450424,0.8313931942808735,5.6976976976976985
5.693747603104777,1.5905952411385456,5.716716716716717
4.576559224793425,1.107721739432556,5.735735735735736
3.950501395566385,-0.3359816848536299,5.754754754754755
4.704508291387457,1.4125880863836922,5.773773773773774
4.472455299186798,0.12118712609249149,5.792792792792794
4.7927618073753155,1.8406239698799554,5.811811811811812
1.7183932374803896,5.1378944577750065,5.830830830830831
4.195819419437805,1.9480873286778166,5.84984984984985
3.1159579071485615,0.2880202031057526,5.868868868868869
2.2922609888818135,1.2265141570156517,5.887887887887889
4.4762935438504865,0.6625568965340558,5.906906906906907
4.356728541821326,3.2588294303959495,5.9259259259259265
5.26137018101168,1.072468598505337,5.944944944944945
3.7938355278168494,-0.16302344297584548,5.963963963963964
3.972591197785685,0.5011142056065817,5.982982982982984
6.367647396851971,2.582480795696136,6.002002002002002
6.398666778686902,1.7332254875189594,6.0210210210210215
4.2498908904496755,2.5633307824073785,6.04004004004004
2.6326108546091698,3.3052556639399033,6.059059059059059
4.361025328989729,0.7725850679226237,6.078078078078079
2.342098569404013,1.4967840352795458,6.097097097097097
5.709794097935156,-0.8424949890094064,6.116116116116117
2.543620920470282,0.16751940509064656,6.135135135135136
3.6143390807702427,0.5818341682043369,6.1541541541541545
4.111393453005239,1.215751078508195,6.173173173173174
3.8747351796347447,0.8387974519130841,6.192192192192192
1.7145481934066273,4.123040678872514,6.211211211211212
3.209589827586889,1.8367882122706622,6.230230230230231
4.9300862343205205,1.3028576783688024,6.2492492492492495
4.546459690736432,0.3302520362017638,6.268268268268269
4.1542258760171284,1.4824233464145178,6.287287287287287
4.822197350256733,0.8340518005901725,6.306306306306307
5.261715442837026,1.7129851597372885,6.325325325325326
5.766438646268876,0.6121454428405285,6.344344344344345
4.487857461414029,1.7447682020565751,6.363363363363364
3.564427750611411,1.3015476821748457,6.382382382382382
4.134225306144979,0.895242798802904,6.401401401401402
3.175615030873936,2.3594116049494342,6.420420420420421
4.310024030458461,1.4385101099969022,6.43943943943944
3.1618482097029434,1.3942880086923057,6.458458458458459
4.092497857484899,1.7909003420602523,6.477477477477478
4.704482740061424,1.1541845144945246,6.496496496496497
3.690094425148003,-0.7884043298532728,6.515515515515516
4.3846817815692525,1.5380797302054805,6.534534534534535
4.118187973689889,0.9467540097765498,6.553553553553554
3.8409594345891667,1.572120684768971,6.572572572572573
2.5314118579458045,0.4468156101322016,6.591591591591592
2.398540639036028,2.4844716431861222,6.610610610610611
4.987384217783864,1.9713416613612347,6.62962962962963
4.871118622533399,0.12674551236419984,6.648648648648649
4.247130689168639,0.6342087985821951,6.6676676676676685
2.8681930483070612,2.0412529983803167,6.686686686686687
1.8093832786309063,1.369384055665296,6.705705705705706
3.0162653457139355,1.6763638373764207,6.724724724724725
3.6969267889003516,2.3271878870914233,6.743743743743744
3.294990981130951,-0.96560815408512,6.762762762762764
4.0053918736839265,2.260174883922801,6.781781781781782
3.565856053475988,2.791276878703438,6.800800800800801
4.006975615027865,1.6232341020229073,6.81981981981982
5.137584938053209,0.24326098530084495,6.838838838838839
3.5924877905206962,1.5942981048803255,6.857857857857859
5.479310482478541,2.2669928982517384,6.876876876876877
4.307141516083858,1.4255064668768385,6.8958958958958965
2.7153717398240884,2.2304325704675216,6.914914914914916
5.4047678326029365,2.2871002323707605,6.933933933933934
2.9441204405186876,2.18422778153587,6.952952952952954
4.120350193887196,0.5743264929036536,6.971971971971972
3.409575279812848,3.8063051375462233,6.9909909909909915
3.452506022827312,0.13000695358519754,7.010010010010011
5.101263599665699,3.470015069629267,7.029029029029029
4.155315056697175,-0.021225678359247047,7.048048048048049
5.009563125369296,1.3521968416423513,7.067067067067067
5.0020344966706,1.743135039528409,7.086086086086087
4.648863700210211,1.4771111570638316,7.105105105105106
4.715387219404269,0.26784332657013965,7.124124124124124
5.995935552168633,1.0148325596652281,7.143143143143144
4.111933482236671,3.2745119597995735,7.162162162162162
5.860102160358777,1.5724873354080315,7.181181181181182
4.835774721316761,0.49263672767540245,7.200200200200201
3.017982068840154,0.6270911820772496,7.2192192192192195
4.314078649489075,2.944034935794235,7.238238238238239
3.8089288855171173,3.739318520993386,7.257257257257257
5.986267127838001,1.188642259424447,7.276276276276277
5.053604298836077,3.2912626164566348,7.295295295295296
5.913546260268515,3.800097447532491,7.314314314314315
5.76130574497869,1.4713780244059118,7.333333333333334
3.5352318151008855,1.396410385859059,7.352352352352353
4.963128817869071,3.679507811222735,7.371371371371372
3.527131518974567,2.3329924469258057,7.390390390390391
3.5135121747365794,2.568501454041762,7.40940940940941
3.921276490750805,1.3404802242304428,7.428428428428429
4.850552798238567,0.7474973059157819,7.447447447447448
5.758663374156668,0.2512882937194072,7.466466466466467
3.7786713460705945,2.349218885518977,7.485485485485486
4.140530341773458,0.7502268436668666,7.504504504504505
6.274034734484071,0.4532842795890284,7.523523523523524
5.843318124734669,1.831349569264477,7.542542542542543
3.462782123363473,2.238869406922276,7.561561561561562
6.67957426021633,1.6724320010570999,7.580580580580581
6.144260886641021,2.8344021072459475,7.5995995995996
5.124935968105231,1.028229056538587,7.618618618618619
4.220534787881201,1.736956688914246,7.6376376376376385
3.3064312907483777,2.4482951394160577,7.656656656656657
4.993772071781487,1.9918507566102805,7.675675675675676
6.59588221400524,2.7082800923602557,7.694694694694695
3.3183487473715303,1.2932709083582745,7.713713713713714
3.448622121747942,-1.105142240011475,7.7327327327327335
5.228075773582427,0.362700900932839,7.751751751751752
6.465290713102599,0.3103494152406796,7.770770770770771
6.044574869557306,4.638123485118053,7.789789789789791
6.081465777095558,1.374909064018873,7.808808808808809
6.851994649401473,0.47795495254116993,7.827827827827829
5.559911226650092,2.8863551810137213,7.846846846846847
5.682129552516217,2.516487043880962,7.8658658658658664
5.218865084126202,2.178045673591334,7.884884884884886
4.447451719450164,-0.44931302827277486,7.903903903903904
3.983160494087087,1.7800764480175344,7.922922922922924
5.42437514497453,0.8974318837065107,7.941941941941942
5.72145228864,2.4105775433616103,7.9609609609609615
5.353456642142312,3.353119866789699,7.979979979979981
5.862267769356517,1.5015349987323563,7.998998998998999
4.917163109653891,2.5017750734072655,8.018018018018019
4.7127545902570525,0.5812717701223098,8.037037037037038
2.0344317222107033,1.6215628776754654,8.056056056056057
4.100816473336132,3.5008034335678238,8.075075075075077
5.0663378421109115,1.3918798246446344,8.094094094094094
4.868081940652302,3.9385045255333324,8.113113113113114
5.266098399004761,1.7538615110768754,8.132132132132133
4.756623029603839,1.5096384999709662,8.15115115115115
5.257913281176613,0.8675416531807683,8.17017017017017
5.219118958006231,2.8388628083271357,8.18918918918919
6.451725716501727,2.178671147773338,8.208208208208209
4.190389417638906,3.463699268932859,8.227227227227228
4.442294528392824,1.5915402373031342,8.246246246246248
4.327601470446146,2.252000546469894,8.265265265265267
3.0808940969581484,1.2553880507681403,8.284284284284285
4.936603099049378,2.8532291201591153,8.303303303303304
5.194595966193663,2.7327773070266304,8.322322322322323
6.0236106047765805,1.5962467897390968,8.34134134134134
5.076662151750002,1.5740158366975692,8.36036036036036
5.3707554973345175,2.7986520001347364,8.37937937937938
3.750600115287982,3.274460972762418,8.398398398398399
3.994711762696569,0.5935415004611637,8.417417417417418
6.1576998410929935,3.522737380434779,8.436436436436438
3.6629099591962717,3.4917644042812537,8.455455455455457
4.5041640967985455,3.658434712529057,8.474474474474475
3.1431276186449164,1.8548616622108038,8.493493493493494
3.1023420850849317,2.6314335869023795,8.512512512512513
5.24396081366806,1.9358116903057914,8.531531531531531
4.7127081828722055,3.275199043637829,8.55055055055055
2.1639544096519514,2.271586598002078,8.56956956956957
6.0251005444051255,2.4962001352986016,8.588588588588589
4.261571004176391,3.7394666946119606,8.607607607607608
3.301421471489074,3.6842637087881944,8.626626626626628
6.52545314306966,2.314354412065228,8.645645645645647
4.2908598182023425,2.5241747046867893,8.664664664664667
4.813697991780475,3.1288376032667298,8.683683683683684
4.160619756299379,0.7762543320123281,8.702702702702704
5.724351763906047,1.9733756225134238,8.721721721721721
3.709823105296423,3.587604024259628,8.74074074074074
6.137994475269951,1.7264963782932012,8.75975975975976
4.388346258423526,1.174751699358468,8.77877877877878
4.782411006424534,2.630270866755245,8.797797797797799
4.818447280418596,3.179540820538959,8.816816816816818
6.640136261552778,2.0947350067932007,8.835835835835837
5.244064948443405,3.279444485761956,8.854854854854857
4.731785307462826,2.1227852163142056,8.873873873873874
5.006726047001568,1.5422471329628757,8.892892892892894
5.99656195043676,2.4355555136549802,8.911911911911913
5.813165909453003,3.8401103500945943,8.93093093093093
3.1276915804393877,3.3392249866649495,8.94994994994995
4.406597698314291,3.0984251010574235,8.96896896896897
5.203297129659146,4.286163038360128,8.987987987987989
4.961948435642581,3.6047180767611127,9.007007007007008
5.552356318508525,3.6983617508444913,9.026026026026027
3.496987994657955,2.0410065806620614,9.045045045045045
4.517036579202173,2.819127083415246,9.064064064064064
5.343648618542424,2.2831227462759185,9.083083083083084
5.1170211648423525,3.7791493806978997,9.102102102102103
4.741144257858478,3.6868510035604682,9.121121121121122
6.032558116711509,2.327648218555514,9.14014014014014
5.740211489644944,3.383146755031847,9.15915915915916
4.581767228746729,2.129536726771902,9.178178178178179
4.192870102933498,2.715437455233315,9.197197197197198
4.416448394703515,4.687664085840053,9.216216216216218
4.378575985416271,4.202473534079802,9.235235235235235
5.813985558603202,5.602255037328151,9.254254254254255
4.622652016516891,3.2711846011795616,9.273273273273274
4.468877540642281,2.702464181297448,9.292292292292293
5.036085350511389,2.812926391599379,9.311311311311313
6.487222018389519,3.7903180192790202,9.33033033033033
3.9897767018447796,3.5585881986876418,9.34934934934935
4.518883352887265,3.5807171045588104,9.368368368368369
3.781646845150822,0.2358487375378404,9.387387387387388
4.036309710377462,2.4272609622302315,9.406406406406408
4.846512881479725,2.577223465233344,9.425425425425425
4.995411465605715,4.532040702181713,9.444444444444445
4.827515971125056,4.363018303303305,9.463463463463464
5.947813301285185,3.7075453209835363,9.482482482482483
5.026090637271874,2.446432321446788,9.501501501501503
6.170197908059415,2.0542566885152223,9.52052052052052
5.304720013541479,1.6307664025794903,9.53953953953954
4.983492549260774,3.5576591358085725,9.558558558558559
3.969479649899816,3.1608398680353673,9.577577577577578
4.925391240026823,3.341285722165978,9.596596596596598
5.75828330698514,3.89894748307201,9.615615615615617
6.4400114799446495,3.2295780399480445,9.634634634634635
5.4518502690305315,1.9035292061601639,9.653653653653654
8.33774789611431,5.478957331958336,9.672672672672673
5.975901289070256,2.6457635645870288,9.691691691691693
5.5965044993768025,4.444994164406214,9.710710710710712
5.382007275891048,2.5938732485737885,9.72972972972973
6.354461162526345,3.194498739942233,9.74874874874875
7.23098277979161,4.0133761893718,9.767767767767769
6.78349657820303,4.1290156515547825,9.786786786786788
5.094146943779805,2.505029157625172,9.805805805805807
5.035494524730606,4.041163836774779,9.824824824824825
5.33676395279014,2.8304079226520704,9.843843843843844
4.247955797440703,2.8755524711700895,9.862862862862864
4.770352180342775,2.414419146131754,9.881881881881883
4.964423197849646,5.242088426685308,9.900900900900902
3.5163897063280407,3.4529104470905865,9.91991991991992
5.9202323539825015,3.4511953722742357,9.93893893893894
5.019918916030429,3.9883729460383073,9.957957957957959
5.304614951598202,4.940241755871289,9.976976976976978
4.504309930141696,4.58466447016469,9.995995995995997
3.402960617090212,1.399732182120816,10.015015015015015
6.720530542316898,4.212120093222777,10.034034034034034
5.734522267341066,3.9528760185225247,10.053053053053054
6.2935868283985315,5.282630324058713,10.072072072072073
4.336597286651212,2.4089311018485793,10.091091091091092
5.085384755229432,2.5924568542983035,10.11011011011011
4.4816704621418255,3.898749561352889,10.12912912912913
5.388270519980007,3.9902280374643198,10.148148148148149
6.265016333388882,3.5522307429222195,10.167167167167168
7.155656063659821,2.610322193840249,10.186186186186188
5.0415301081251815,2.1690512662420653,10.205205205205205
6.180584697887607,3.536303156763245,10.224224224224224
5.543511831335994,4.439727456818407,10.243243243243244
3.239284481110303,3.0865003325859206,10.262262262262263
7.105322343596891,3.9760722457392697,10.281281281281283
5.774739651509513,5.3955190192896785,10.3003003003003
6.183522991743414,4.608092709158225,10.31931931931932
2.700583568629282,4.582828236156569,10.338338338338339
4.980822870728982,2.91469023697175,10.357357357357358
4.202390964646531,4.110041147106831,10.376376376376378
5.7532840072226445,6.045958493464793,10.395395395395397
8.165937112549084,5.420458306388281,10.414414414414415
4.85403415861616,3.491001243701941,10.433433433433434
5.3829570170401055,1.8533781879904325,10.452452452452453
6.165177459298673,4.558838151045411,10.471471471471473
4.108856950176477,2.0585611224562292,10.490490490490492
4.119252193105923,3.512216544990561,10.50950950950951
3.7741457069426376,4.9519265590129855,10.528528528528529
5.406298009213758,4.220399933919692,10.547547547547548
6.012837605861435,4.043317398768891,10.566566566566568
5.947216486964088,1.9101449681638105,10.585585585585587
7.868093078282242,2.4676783323957574,10.604604604604605
4.494693019345857,2.999034642977307,10.623623623623624
4.234711306651289,3.850130723127973,10.642642642642643
6.508986629290003,4.071311849676249,10.661661661661663
4.950885902134987,3.2328372722928678,10.680680680680682
4.54227789206637,4.436304452290195,10.6996996996997
7.666063433405844,2.308867663334545,10.71871871871872
5.1728975424107295,3.106491328258043,10.737737737737739
5.342752036393668,2.273888313964096,10.756756756756758
7.123000181249433,5.8800800510855,10.775775775775777
4.712371792106784,3.2481331313245154,10.794794794794795
5.8698620989425505,5.977541029401689,10.813813813813814
5.793494078316629,4.547734727648036,10.832832832832834
6.016815676872568,1.7561558875956327,10.851851851851853
4.23621854506423,2.7971938736025637,10.870870870870872
5.675708777243703,1.6453144798960286,10.88988988988989
4.660440178959855,3.9437555240581283,10.90890890890891
6.024764875733428,6.0158586054182415,10.927927927927929
4.294192544612654,5.308512441016896,10.946946946946948
5.691929481695939,3.5631514703647875,10.965965965965967
5.644597899174606,4.6898262858754185,10.984984984984985
6.115443703892,4.296605781554584,11.004004004004004
3.6815591185845546,2.248194645319681,11.023023023023024
5.188653235826397,2.8777852115082885,11.042042042042043
3.915461111111866,4.684500289000059,11.061061061061062
5.142866300980028,4.448483061181583,11.08008008008008
6.3396981652670235,4.401871784417961,11.0990990990991
6.191535746954252,2.84072296641314,11.118118118118119
6.46423440211753,2.6695081119344035,11.137137137137138
5.6851197797712185,2.5171304400134176,11.156156156156158
4.772116834860979,3.608042912483907,11.175175175175177
4.342076329346405,5.204926032458799,11.194194194194194
5.581971943172946,3.941907136748315,11.213213213213214
2.9342103479662867,3.3650381289589224,11.232232232232233
4.186854816448468,5.294911701473496,11.251251251251253
5.022125107759148,2.2244949729223142,11.270270270270272
6.261796319520695,3.6754241764596145,11.28928928928929
6.062523018191877,4.9020004540302144,11.308308308308309
5.8784264922260085,4.3113672444426845,11.327327327327328
5.501035649038454,6.153003051602189,11.346346346346348
4.905070804753015,4.605496003104462,11.365365365365367
5.80857170041066,4.156660011724616,11.384384384384385
6.224905241987891,4.48270475010016,11.403403403403404
5.643668216530285,3.1519891334733137,11.422422422422423
4.687875662438685,4.198951322412757,11.441441441441443
4.989465822215254,3.2474031190400483,11.460460460460462
6.580040804748034,5.8624969268532325,11.47947947947948
7.0843007156864655,5.484850716717166,11.498498498498499
5.821773173760855,4.02219703601135,11.517517517517518
7.1476272050836425,3.5880676659003923,11.536536536536538
5.635125671251795,5.85968790162114,11.555555555555557
6.578873370642319,4.207021718308945,11.574574574574575
7.618940761659175,5.272427777491184,11.593593593593594
6.378753337590461,4.748047916520697,11.612612612612613
4.72113903290278,6.171793931574573,11.631631631631633
8.346326422316118,4.235157878234275,11.650650650650652
6.207443373283642,5.673021581508142,11.66966966966967
6.610020232805946,3.819998495376052,11.68868868868869
5.8772007004744315,4.144149254393085,11.707707707707709
4.215256552804091,2.9951358111179402,11.726726726726728
5.582598358590904,3.672417878554171,11.745745745745747
4.452156986612717,4.093993435688017,11.764764764764765
5.080577290545197,3.4075333095075093,11.783783783783784
6.450184153212911,3.313552066652389,11.802802802802804
5.519611735988431,3.923532831059295,11.821821821821823
6.043070825745877,4.432206986376337,11.840840840840842
3.130443989657846,4.199767117854442,11.85985985985986
5.6386706229044865,4.3428899580236315,11.87887887887888
6.780508087609375,4.626379871607455,11.897897897897899
5.098491812078511,3.336778783441388,11.916916916916918
5.765227536676974,5.307989522460119,11.935935935935937
6.2799303443996815,4.750933570626736,11.954954954954957
6.714635088237399,4.434901326024045,11.973973973973974
5.851264361627884,4.189527351453652,11.992992992992994
2.4528675500783126,3.7789939890949364,12.012012012012013
5.072121780475847,4.40640948225917,12.031031031031032
6.419517115605666,5.148041446342993,12.050050050050052
6.320259041061057,5.201509971420206,12.06906906906907
6.234992414197045,2.974006769876115,12.088088088088089
5.300457846234619,5.32706090119266,12.107107107107108
5.71281896744554,3.4712289887437553,12.126126126126128
6.058976391702159,4.537655439625411,12.145145145145147
4.83990753847049,4.4997709195846385,12.164164164164164
3.1029451127944236,4.983988815069752,12.183183183183184
6.282205293177857,5.327957385165803,12.202202202202203
5.09902983452233,4.2755809598864545,12.221221221221223
7.405890961536171,4.152730667143916,12.240240240240242
5.7433511373392445,4.7324437161388015,12.25925925925926
5.028373723859398,5.518712360109479,12.278278278278279
6.994510866367728,5.269511950405753,12.297297297297298
6.103891340348964,3.9011495511127317,12.316316316316318
6.570260534271659,5.347208852510502,12.335335335335337
5.327760525388369,5.745287448146209,12.354354354354355
6.401484036856678,5.440872783339351,12.373373373373374
6.437122850842431,4.9874347939227714,12.392392392392393
4.906188827737363,3.8600601748095347,12.411411411411413
5.883191770956897,6.121355238276168,12.430430430430432
9.324816073445763,3.575671499807628,12.44944944944945
6.162489340841676,4.769501175219042,12.468468468468469
5.492354361185261,4.890027634667454,12.487487487487488
6.356998367990516,4.1827540782539545,12.506506506506508
5.9101903964152855,4.067233089742043,12.525525525525527
6.409660339370803,4.515922787886403,12.544544544544545
7.002050332994198,4.368130168417732,12.563563563563564
6.247657579015925,5.076348377991289,12.582582582582583
6.527541952383344,4.898637706511139,12.601601601601603
5.845979575248339,2.8254067238491998,12.620620620620622
7.514166790106225,4.895053240646232,12.63963963963964
6.179732062985442,3.081331672086794,12.65865865865866
6.464273212806926,4.345633432893604,12.677677677677679
5.0650587320761655,5.1949603710186,12.696696696696698
4.253321518795968,7.280953556257058,12.715715715715717
5.9250163303534435,5.617157482744184,12.734734734734735
5.677690749191658,5.64032536174197,12.753753753753754
6.132829865364764,3.960646685176979,12.772772772772774
5.164723724481336,4.7806330223180495,12.791791791791793
4.219922146369654,6.838869054863919,12.810810810810812
4.721249758539005,5.97169328719683,12.829829829829832
7.065929976367223,6.328858168489045,12.84884884884885
6.805176955318128,5.125618630552093,12.867867867867869
4.818851555649192,7.202372110075094,12.886886886886888
6.979174062026617,5.60825728810271,12.905905905905907
6.741690602551534,6.610817490346808,12.924924924924927
5.456316750516008,6.9045561422530985,12.943943943943944
4.167442423741292,7.405896479549499,12.962962962962964
4.203962237306082,7.370632764380746,12.981981981981983
7.049940453277019,6.280208864293739,13.001001001001002
6.579370377621926,6.31777157809565,13.020020020020022
3.7125254839053583,4.597015308720855,13.03903903903904
6.010248057970543,6.25137427336856,13.058058058058059
7.336640690275637,5.947120793644425,13.077077077077078
6.2823619701189575,5.460411368019905,13.096096096096097
6.589209609926812,4.666114498180609,13.115115115115117
4.991078473018685,4.604237335777327,13.134134134134134
7.713997462383893,6.9238858710638915,13.153153153153154
6.3247723923240615,5.554941239292881,13.172172172172173
4.695614475537466,6.315083169872532,13.191191191191193
7.489986935024357,7.10105544692589,13.210210210210212
3.6782413417710105,7.099446884083283,13.22922922922923
6.379392005014614,5.509762063355692,13.248248248248249
4.136722075929528,4.074183667338856,13.267267267267268
6.803730901689976,5.1322757256381575,13.286286286286288
4.630028864162049,5.167126114053147,13.305305305305307
7.1581146269439575,6.464297140562501,13.324324324324325
6.93058278261616,4.857130222746487,13.343343343343344
4.815112316774652,5.231667055104619,13.362362362362363
7.9938174891957186,6.133853793398322,13.381381381381383
4.581284199761018,5.570424596452066,13.400400400400402
5.921062649256198,5.101381611873822,13.41941941941942
6.335018624169059,5.638708295650522,13.438438438438439
7.545608880161097,4.730646183014634,13.457457457457458
5.155403532037947,5.953204067219591,13.476476476476478
6.869734575302972,5.184239595927346,13.495495495495497
5.629764039368468,5.81957928236871,13.514514514514515
5.648858751691986,6.376794147858709,13.533533533533534
6.429522262074404,5.818700343185953,13.552552552552553
6.970051030725838,5.488981076703757,13.571571571571573
4.831091913489809,6.128992463716564,13.590590590590592
4.84951080531328,5.343654306479719,13.609609609609612
5.698195473315981,6.047009055264445,13.62862862862863
7.094126483807781,5.131090571008627,13.647647647647648
7.226320178190545,7.108803158310259,13.666666666666668
4.880152975183166,5.874607446759033,13.685685685685687
5.91606748418973,5.627301086501773,13.704704704704707
5.812130988474158,6.587004600517656,13.723723723723724
5.76898569619504,6.015601656191907,13.742742742742744
7.009214112776935,6.890596218764607,13.761761761761763
5.6165628811540635,4.495209165779173,13.780780780780782
5.8750272295496,7.312317750370003,13.799799799799802
7.403132386807428,6.66427378523761,13.81881881881882
5.899415518462638,5.0421480199974145,13.837837837837839
6.700863578733488,7.338196156788892,13.856856856856858
6.237732095029775,6.957060111336378,13.875875875875877
6.037289607634954,5.722125098500966,13.894894894894897
2.78754773708337,7.6678006114333925,13.913913913913914
6.032711153884254,6.6180359857380475,13.932932932932934
5.205042749510934,7.269316943000371,13.951951951951953
6.277296380348261,6.554833241648781,13.970970970970972
5.596005341816011,5.552011825155217,13.989989989989992
5.72895895171511,4.966023298367912,14.00900900900901
5.894774357753321,5.799721099451702,14.028028028028029
5.460217545759281,8.271648982794186,14.047047047047048
5.963360089251253,6.839555404684484,14.066066066066067
6.18773596716818,6.657042946912031,14.085085085085087
6.503809102976436,3.5593455923992017,14.104104104104104
6.84927384989976,4.97265340464792,14.123123123123124
8.142367939880389,6.866913127709694,14.142142142142143
5.478439309121143,6.474860524522151,14.161161161161163
6.303041136994771,4.312068795240833,14.180180180180182
6.481214751798468,6.286528877930535,14.1991991991992
5.75386446249365,4.546209706412882,14.218218218218219
6.958450760212238,7.682998613454621,14.237237237237238
6.609655603107765,8.140427342445523,14.256256256256258
6.698530380135421,7.365726456824105,14.275275275275277
6.40647971804065,6.141512884507584,14.294294294294295
4.169044074250543,5.353300581580706,14.313313313313314
5.229980962222129,5.125119841228069,14.332332332332333
6.170248666159823,6.306288766040688,14.351351351351353
6.665868786869818,6.950874099811713,14.370370370370372
6.163273286780815,6.823208756941685,14.38938938938939
7.360603087985714,8.282810105248755,14.408408408408409
7.3090773637406015,5.002676068962868,14.427427427427428
5.428522168604683,8.024997624712958,14.446446446446448
6.356847971672478,6.751068840110013,14.465465465465467
7.393753065821112,6.2592092753949276,14.484484484484486
6.010050259213495,6.142896922361773,14.503503503503504
6.146438393106042,4.970372634502994,14.522522522522523
7.745617525551857,5.05079611765696,14.541541541541543
7.621282282746353,6.93151989463418,14.560560560560562
7.160434860886067,5.678292890006661,14.579579579579582
7.046569372467015,6.695544259853794,14.598598598598599
8.086305838906757,7.298470402221082,14.617617617617618
6.783000632937479,6.490613259557829,14.636636636636638
4.688201613384402,6.023818016098497,14.655655655655657
6.68610972231702,6.2344161416589765,14.674674674674677
8.453201479550236,7.329329411570617,14.693693693693694
6.521893970252436,6.496171420097391,14.712712712712714
6.064404435281947,6.5803561483829665,14.731731731731733
6.926169611967265,4.747914941277617,14.750750750750752
5.939051572608884,6.315065726364393,14.769769769769772
7.528681263598995,6.443677996103607,14.78878878878879
5.450015753057942,7.1549018748030795,14.807807807807809
6.735734398523211,7.5916892546735735,14.826826826826828
7.30988271568774,6.880445385799607,14.845845845845847
9.910281912104798,8.726142669284899,14.864864864864867
5.091835921295275,7.851319558828344,14.883883883883884
7.137070452873003,9.119401805409538,14.902902902902904
7.247278627835303,6.713912302885941,14.921921921921923
7.095163011281106,7.849324341223373,14.940940940940942
6.620574942813759,5.896196849188678,14.959959959959962
7.2030781153867185,7.151448456210666,14.97897897897898
7.457978641756283,7.5777418286241,14.997997997997999
7.138567149258318,5.49376265606213,15.017017017017018
8.234980675707568,9.096936299183952,15.036036036036037
5.945991820283831,8.619436035745412,15.055055055055057
5.14028360659014,6.633360058771463,15.074074074074074
6.812984596004636,5.763503372572677,15.093093093093094
4.673655398821815,7.181460341525644,15.112112112112113
6.075314206746097,6.37192728619109,15.131131131131133
6.760547498221705,7.435358624527732,15.150150150150152
7.481582374685843,6.918106738213379,15.16916916916917
6.510625047410455,6.693552539709443,15.188188188188189
4.808610697203721,8.565538397473157,15.207207207207208
6.6231970674417875,7.61095235761343,15.226226226226228
7.232411474411603,6.3166379964187875,15.245245245245247
6.989612940259292,7.3044200131423604,15.264264264264266
6.4860335910379785,8.038826136764643,15.283283283283284
5.023649663021239,8.351044648021572,15.302302302302303
6.645338113437377,7.807192377771671,15.321321321321323
6.854884747973548,7.794034353292324,15.340340340340342
9.54439252788631,6.962752574133962,15.359359359359361
7.224988823665292,5.611621037893534,15.378378378378379
5.992200484271166,6.953422235746262,15.397397397397398
6.769212197351356,7.942590105114354,15.416416416416418
7.820130135640079,7.567045548965706,15.435435435435437
6.022367934576323,7.500591672215329,15.454454454454456
5.485858516477116,7.720282425136687,15.473473473473474
7.269064180889754,8.465655431986248,15.492492492492493
5.9534662411627295,9.6356855107781,15.511511511511513
4.333255733700966,8.074433153150638,15.530530530530532
7.336975476432453,7.450533015050194,15.549549549549551
6.497455466486988,6.835029692143381,15.568568568568569
7.433646337169126,7.154108924499773,15.587587587587588
6.350157648243902,8.234105989857314,15.606606606606608
5.235789370285595,5.111517196822845,15.625625625625627
6.659956911153794,7.65690819627062,15.644644644644647
7.606205223958722,9.236625349040548,15.663663663663664
5.459103782019057,7.796560417871904,15.682682682682684
6.376898803501197,6.96402741563102,15.701701701701703
5.271486127047832,6.557956839955095,15.720720720720722
6.543191807532544,6.792961900734406,15.739739739739742
7.586367538234862,6.85367359023117,15.75875875875876
7.00849053323589,7.462134959838733,15.777777777777779
6.746381713797518,7.435059057996786,15.796796796796798
6.587776076878738,7.405870767609384,15.815815815815817
7.5938214098001975,7.35497416679977,15.834834834834837
5.063489681911584,5.845878373361331,15.853853853853854
5.909038773278743,7.564683063752973,15.872872872872874
7.639037998004827,7.4022071887347325,15.891891891891893
6.654892102193931,7.881400486272879,15.910910910910912
6.50992405050771,7.715229961544555,15.929929929929932
7.137263601096068,7.656562724621655,15.94894894894895
5.478116117779752,8.233721684326062,15.967967967967969
5.846368658607294,7.8904500468674845,15.986986986986988
5.685842404724564,7.947173686788963,16.006006006006007
6.866456082975247,7.0610246759428374,16.025025025025027
8.063438535797665,7.990330764515918,16.044044044044046
6.9653747730869515,9.24178130564924,16.063063063063062
7.389694890456515,8.267213129528916,16.08208208208208
6.991465856341555,7.890353210963852,16.1011011011011
8.150996125617594,8.487881913572242,16.12012012012012
7.7749631050959875,7.988356253495408,16.13913913913914
6.117381822302132,6.89788829914988,16.15815815815816
5.679114996491407,7.917131847708998,16.177177177177178
6.9111380696568165,7.83057467922544,16.196196196196198
6.622755845488444,6.061124276438509,16.215215215215217
6.997782388681245,5.8521440105114575,16.234234234234236
7.491161656359167,7.197901556924542,16.253253253253256
6.828554806264443,7.174206058612636,16.272272272272275
6.969359797066042,5.792354439886456,16.291291291291294
7.408119358242986,8.360248081262517,16.310310310310314
8.32810597074929,7.946276922059051,16.329329329329333
6.598782966821629,8.88437447747534,16.34834834834835
9.040405435394444,8.509545943407288,16.36736736736737
4.4628275122511205,8.70579168105532,16.386386386386388
6.116148438326029,8.067615893077924,16.405405405405407
6.641918526102407,8.00043179688929,16.424424424424426
7.401300254993359,9.227133977460861,16.443443443443442
6.994775494508864,7.135657413825357,16.46246246246246
6.750663968840808,7.742629564529446,16.48148148148148
6.666510896339091,8.40242299545845,16.5005005005005
5.896026246789177,8.002023556999921,16.51951951951952
8.763759187952832,8.269347264173335,16.53853853853854
7.7963570141920435,7.861224299704997,16.55755755755756
7.059155717332119,9.154048217383115,16.576576576576578
6.2840077659817215,7.687023744950042,16.595595595595597
7.369526421587524,8.02438576058773,16.614614614614617
6.945363652201518,7.428970751962966,16.633633633633636
7.479851953522707,8.412230960638269,16.652652652652655
7.504210514497327,8.35830161572654,16.671671671671675
6.781412937775504,7.82436132133313,16.690690690690694
8.311548286564289,8.79178570632527,16.709709709709713
5.296067304024415,8.965957589153446,16.72872872872873
5.955223086495821,7.627366836858148,16.74774774774775
6.576251124160308,9.361461965355767,16.766766766766768
5.235472004939281,9.52821096350961,16.785785785785787
6.410743504080747,7.8734797924584505,16.804804804804807
5.269054404159945,8.08699086746938,16.823823823823826
8.541437892603213,8.177222208778304,16.842842842842842
5.457610653921912,8.700106747142465,16.86186186186186
6.028072177213055,8.948418419397866,16.88088088088088
8.473913877166433,7.868116825013415,16.8998998998999
8.60079142184106,10.10933370315603,16.91891891891892
6.908094941165802,8.362122501958781,16.93793793793794
6.599522275668499,9.749289786202421,16.956956956956958
7.14156529320622,8.53967083777627,16.975975975975977
7.059503312953252,7.34108110674694,16.994994994994997
6.013219585980159,8.134151184188102,17.014014014014016
7.666901068899258,7.04338588495647,17.033033033033036
7.990648663506534,9.889267507112688,17.052052052052055
8.000358210256119,8.134711530795194,17.07107107107107
7.334023864512635,7.945114331397495,17.09009009009009
6.526601472934768,10.252803395447351,17.10910910910911
5.535185239327923,8.742739214978316,17.12812812812813
6.205003256062888,8.846448598317865,17.147147147147148
6.257061875104978,8.924276224467768,17.166166166166168
7.825735768153341,9.355094925299055,17.185185185185187
8.374026514648993,8.093547219934722,17.204204204204206
5.328356194024131,8.749680354854977,17.223223223223226
9.159304755834896,9.014230261382547,17.242242242242245
6.707952782516467,8.717871133829366,17.261261261261264
8.898197473256321,8.761790145086422,17.28028028028028
6.169774400537242,9.969572436554555,17.2992992992993
6.216354106396511,10.064990470735616,17.31831831831832
8.080998871195444,7.844211239793209,17.33733733733734
5.06753873767917,10.664724731462597,17.356356356356358
6.085381904495646,9.724141618684964,17.375375375375377
7.8860181805417096,9.710577353687315,17.394394394394396
7.051916651863857,8.199048159202976,17.413413413413416
5.143786490738481,10.101673226791034,17.432432432432435
6.769196145672414,7.784088876485737,17.451451451451454
8.31726976747991,10.371221562399779,17.47047047047047
6.758037175785467,9.198746403347732,17.48948948948949
6.368339226993099,8.273471191324319,17.50850850850851
7.628808589524566,9.166666114545556,17.52752752752753
8.006135185145018,9.074704914679238,17.546546546546548
7.33942749696563,7.881503013670107,17.565565565565567
6.483259877931404,8.87285265584041,17.584584584584587
7.939908036310618,8.04892887331412,17.603603603603606
6.758314120399661,10.781453009169395,17.622622622622625
7.247491349966842,8.920747994783529,17.641641641641645
7.42351219253783,8.18980200755487,17.66066066066066
6.17971224027713,7.705376293267113,17.67967967967968
6.6974947531070494,9.37175015364857,17.6986986986987
7.996856573380084,10.569551391328666,17.71771771771772
8.413516676852826,8.859995514260904,17.736736736736738
6.291779791409914,9.543258371444294,17.755755755755757
7.669066621674864,9.576003628598475,17.774774774774777
6.549892407021385,10.088028120022464,17.793793793793796
7.085486818954223,9.034724076809226,17.812812812812815
7.0153160724195525,9.001046742481204,17.831831831831835
7.760965512099571,9.088498755881432,17.85085085085085
7.021101169470423,9.224394666677348,17.86986986986987
8.351307998243824,9.076433377762795,17.88888888888889
6.865412053497792,8.876143254617569,17.90790790790791
7.219241637421109,9.576826884696247,17.926926926926928
6.75239672191305,10.074909723960413,17.945945945945947
6.448657257449675,8.734236024905169,17.964964964964967
5.784724213241748,11.15273356010921,17.983983983983986
7.931966270565072,9.12824588993116,18.003003003003005
6.056733270846038,9.577701553253242,18.022022022022025
7.714273584290702,10.436182094053315,18.04104104104104
6.408019773600512,7.628328030042731,18.06006006006006
6.752456355094658,9.558163043178215,18.07907907907908
6.728247064517675,7.512553430144049,18.0980980980981
6.8215091985642875,9.9309712420034,18.117117117117118
6.031568868286755,10.763358868558814,18.136136136136138
5.060567375998003,9.04130664307648,18.155155155155157
5.838758732521603,8.45199359983329,18.174174174174176
6.789050468712333,9.978049967166795,18.193193193193196
7.147111043781157,10.085240493865193,18.212212212212215
7.68395677899085,8.265430372656924,18.231231231231234
6.472692788757571,9.001240517706904,18.25025025025025
9.05992057663721,10.074758739877671,18.26926926926927
7.683113791081658,7.823697251203291,18.28828828828829
7.739273504031964,9.848384107954423,18.30730730730731
7.534137602152161,9.713765343748841,18.326326326326328
6.266298860784142,10.534472834765833,18.345345345345347
7.803724870663305,9.382566562006282,18.364364364364366
6.584880429039168,10.605194550964864,18.383383383383386
7.0473747215812645,8.561812806532561,18.402402402402405
5.906128009759897,9.62024254829773,18.421421421421424
7.189566980662433,9.764831200078806,18.44044044044044
9.145980815847823,8.112448359559787,18.45945945945946
8.376114490489854,9.598428108738345,18.47847847847848
8.119746280430054,8.401174368800042,18.4974974974975
7.494110209954932,9.408691938265642,18.516516516516518
8.084099607513338,10.50038631413905,18.535535535535537
7.504042569583008,9.724538381684368,18.554554554554556
7.153965939810244,10.871992251837504,18.573573573573576
8.535713555816274,9.03477187693565,18.592592592592595
8.156014669561076,8.857997238715653,18.611611611611615
8.375032460209587,9.88818868653301,18.63063063063063
6.721312718523562,9.882133928197325,18.64964964964965
7.8093722200140165,9.860689170288973,18.66866866866867
7.890050026302714,10.1572665796356,18.68768768768769
8.281843042232577,10.458024418110611,18.706706706706708
7.318454834614244,9.258723917564,18.725725725725727
6.834141062907215,10.17217636394512,18.744744744744747
6.7716530029480015,9.563428254981037,18.763763763763766
7.110285022553222,11.204142517842486,18.782782782782785
6.86345909214837,9.401525928997279,18.801801801801805
7.974417684208264,9.42278036760894,18.82082082082082
7.315530576386256,9.785432108274883,18.83983983983984
7.189829628962044,8.2051710840812,18.85885885885886
8.208507278439729,8.370874049923817,18.87787787787788
8.382618058968081,10.282745221070162,18.896896896896898
8.211252287964971,9.960770112776773,18.915915915915917
6.021820924668877,8.93602148003363,18.934934934934937
7.502314546142684,10.391892479865351,18.953953953953956
8.278147821484165,9.308473956876817,18.972972972972975
8.144417686320882,10.297712557340354,18.991991991991995
6.091063693211346,11.633158454899364,19.011011011011014
7.302124024912043,9.192276937901132,19.03003003003003
7.946860128037912,12.400908283319243,19.04904904904905
6.567477284607085,11.488636358997267,19.06806806806807
7.1806277025738225,11.201456341243354,19.087087087087088
5.475457327649453,10.673389958852818,19.106106106106107
8.068761004869756,9.76936864759805,19.125125125125127
6.731031903196065,11.466542359684423,19.144144144144146
6.942065621705161,10.951984022845112,19.163163163163166
9.281622366875244,9.711640193546945,19.182182182182185
9.991269102476465,11.818390311238565,19.201201201201204
7.101129821115044,10.466447432278732,19.22022022022022
5.166617379518341,12.108823957691213,19.23923923923924
8.066254358810372,10.2898137349725,19.25825825825826
8.359230605129465,11.538397478118593,19.27727727727728
10.50834838307541,11.350799545030029,19.296296296296298
6.943178089726282,10.82375183971992,19.315315315315317
7.981761367237578,11.534961876974714,19.334334334334336
7.706377926842843,11.449636923977822,19.353353353353356
8.144491018690573,9.604638303432603,19.372372372372375
8.302068815688392,12.472356724026492,19.391391391391394
7.45116784827515,10.626364101985018,19.41041041041041
7.525155873048659,9.013165262992441,19.42942942942943
7.126710020994511,11.422871828030814,19.44844844844845
7.764979503807117,10.908863222579992,19.46746746746747
7.7050119079517145,11.38009211657734,19.486486486486488
5.423380449578076,11.615981002931187,19.505505505505507
8.88522310188043,9.911528569916744,19.524524524524526
7.7831539668089444,10.084670145588868,19.543543543543546
8.395319592128441,9.538885038291665,19.562562562562565
9.007868502900152,12.54884045587216,19.581581581581585
7.54862433930469,10.57179994124241,19.6006006006006
6.233540889524753,9.415032995382134,19.61961961961962
8.041030479462105,10.722573649029012,19.63863863863864
6.793886947211612,9.864011406073624,19.65765765765766
8.680902840828798,11.16414128103748,19.676676676676678
9.35535855082962,11.819590756415034,19.695695695695697
6.670347214159478,11.220208138401269,19.714714714714717
7.877469791688815,10.253348505208914,19.733733733733736
6.141346335493907,12.386175329022466,19.752752752752755
9.118478420060557,10.177280207684431,19.771771771771775
7.3452794081896915,10.524363615800128,19.790790790790794
6.916376903967244,10.747628034207096,19.80980980980981
8.4328669798199,10.442799470449021,19.82882882882883
5.278356559857658,10.723373889039099,19.84784784784785
6.589832922953016,11.69783224625316,19.866866866866868
8.828857652828248,12.185546594642526,19.885885885885887
7.097257052244228,11.524356994622522,19.904904904904907
7.568915956440082,12.951346448909437,19.923923923923926
6.61931440885224,11.335118118883264,19.942942942942945
7.871766277945016,12.550571858249608,19.961961961961965
8.187570653485306,12.154328681044763,19.980980980980984
8.385185988681554,9.89747144484169,20.0
